SMARTER
[391546, 578398, 559272, 257846, 97212, 105136, 583240, 317972, 27198, 182272, 522534, 8606, 600720, 73152, 74230, 987588, 149512, 54146, 49494, 83630, 335942, 827042, 164630, 192386, 376202, 66630, 2814, 115294, 255616, 444694, 14312, 406556, 293900, 318950, 74078, 12520, 226992, 105424, 422310, 449130,
68086, 263208, 7948, 43590, 10376, 301586, 614894, 123022, 729658, 471780, 54808, 72092, 36954, 29246, 35498, 147194, 412208, 416974, 516956, 407078, 31870, 15846, 140200, 106018, 49712, 630304, 888358, 7712, 255914, 405466, 491298, 364590, 869322, 40174, 4788, 204028, 38588, 719256, 96644, 351468, 73778, 227052, 24416, 528746, 668306, 250318, 369228, 36116, 81902, 22208, 142402, 85132, 338710, 744724, 69068, 400292, 85616, 199202, 47302, 58292]
average moves is:  257366.48
lowest is:  2814
highest is:  987588

RANDOM
[358656, 110074, 68292, 65840, 101438, 149246, 27164, 55240, 137092, 21904, 66374, 7102, 46584, 55418, 223784, 46792, 70648, 76336, 445462, 128548, 116336, 148412, 9870, 98080, 143548, 141652, 115670, 100312, 298474, 6316, 90902, 203176, 179520, 331392, 76238, 297296, 64148, 15288, 6926, 485900, 131780, 75632, 610452, 25352, 45526, 103372, 99274, 201098, 20156, 28082, 51428, 25198, 87802, 287940, 321152, 
108094, 265792, 36314, 26870, 177668, 154204, 38764, 261178, 51408, 220592, 56710, 211074, 129770, 110412, 121268, 406304, 137600, 368706, 69060, 239982, 32222, 71940, 6454, 586960, 330788, 86570, 11042, 
240176, 116484, 38786, 232228, 10074, 9030, 69922, 66988, 165210, 166168, 45966, 301748, 537040, 130112, 179498, 22178, 257008, 133562]
average moves is:  143456.18
lowest is:  6316
highest is:  610452